population:10  generations：5000
全程路程：2111.8905897023114
路线：[15, 81, 93, 51, 98, 12, 17, 95, 48, 31, 29, 26, 85, 30, 40, 54, 79, 9, 61, 10, 45, 96, 27, 25, 49, 78, 69, 99, 67, 33, 63, 46, 44, 83, 92, 5, 4, 88, 77, 3, 75, 53, 55, 24, 20, 38, 1, 86, 91, 94, 42, 97, 60, 41, 13, 16, 82, 6, 35, 47, 18, 68, 8, 50, 76, 28, 39, 37, 14, 22, 23, 34, 70, 0, 11, 100, 52, 57, 72, 56, 21, 66, 74, 73, 43, 90, 36, 7, 59, 65, 71, 2, 80, 19, 32, 64, 87, 84, 89, 62, 58, 15]
population:10  generations：10000
全程路程：1848.0503601287544
路线：[15, 81, 93, 98, 12, 51, 7, 59, 17, 95, 48, 31, 63, 46, 44, 83, 92, 5, 4, 88, 77, 39, 72, 56, 21, 74, 73, 84, 43, 90, 36, 37, 14, 40, 3, 54, 79, 99, 41, 94, 86, 91, 97, 60, 42, 13, 16, 82, 87, 89, 75, 53, 55, 24, 20, 22, 23, 34, 29, 26, 30, 38, 1, 9, 61, 10, 45, 96, 27, 11, 25, 67, 33, 70, 49, 78, 69, 76, 28, 80, 19, 32, 6, 35, 47, 18, 68, 100, 52, 57, 85, 71, 66, 2, 8, 50, 0, 64, 65, 62, 58, 15]
population:10  generations：20000
全程路程：1622.1305217139254
路线：[15, 81, 93, 95, 48, 31, 63, 46, 44, 83, 92, 98, 12, 51, 7, 59, 17, 5, 4, 88, 71, 72, 56, 21, 74, 73, 84, 91, 97, 60, 42, 13, 16, 99, 41, 14, 40, 3, 54, 66, 24, 20, 22, 23, 34, 64, 65, 8, 50, 29, 26, 38, 1, 9, 61, 10, 45, 35, 18, 47, 27, 11, 25, 67, 33, 70, 49, 78, 69, 76, 28, 2, 80, 32, 6, 87, 89, 75, 53, 55, 82, 68, 100, 52, 57, 85, 37, 43, 90, 96, 36, 94, 86, 39, 79, 77, 0, 30, 19, 62, 58, 15]
population:20  generations：5000
全程路程：1710.1298040132438
路线：[15, 97, 86, 85, 48, 17, 81, 6, 51, 61, 30, 58, 93, 12, 84, 16, 60, 83, 82, 42, 36, 91, 92, 1, 56, 41, 100, 29, 63, 18, 47, 10, 35, 31, 64, 7, 44, 87, 49, 68, 80, 70, 77, 0, 33, 89, 65, 34, 8, 28, 2, 76, 79, 71, 5, 59, 95, 26, 88, 9, 46, 99, 14, 55, 73, 21, 53, 23, 24, 67, 27, 52, 94, 90, 45, 69, 62, 32, 78, 50, 19, 75, 11, 57, 25, 72, 54, 66, 40, 13, 37, 74, 22, 38, 3, 20, 39, 98, 4, 96, 43, 15]
population:20  generations：10000
全程路程：1535.8937836440039
路线：[15, 97, 94, 90, 45, 69, 62, 89, 9, 46, 65, 34, 8, 28, 2, 76, 79, 67, 27, 52, 57, 71, 39, 5, 59, 82, 95, 26, 88, 99, 14, 55, 73, 21, 42, 36, 91, 58, 93, 86, 85, 48, 17, 81, 6, 51, 61, 30, 13, 37, 7, 44, 87, 49, 68, 53, 23, 24, 32, 50, 19, 75, 11, 12, 84, 16, 60, 83, 98, 4, 92, 1, 56, 41, 100, 29, 0, 63, 18, 35, 47, 10, 31, 64, 78, 80, 70, 77, 33, 25, 54, 66, 40, 74, 22, 38, 3, 72, 20, 96, 43, 15]
population:20  generations：20000
全程路程：1275.2094930155718
路线：[15, 97, 94, 90, 58, 93, 84, 16, 60, 83, 7, 44, 85, 4, 92, 98, 1, 56, 14, 41, 86, 12, 95, 26, 88, 17, 81, 30, 45, 87, 49, 68, 53, 23, 24, 32, 78, 80, 70, 50, 19, 75, 11, 100, 6, 51, 61, 69, 62, 89, 9, 46, 48, 63, 18, 35, 47, 10, 31, 64, 33, 77, 25, 3, 72, 20, 73, 21, 42, 40, 74, 22, 38, 54, 66, 55, 71, 39, 29, 0, 65, 34, 8, 28, 2, 76, 79, 67, 27, 52, 57, 5, 82, 59, 99, 13, 37, 36, 91, 96, 43, 15]
population:50  generations：5000
全程路程：1389.527320333295
路线：[15, 94, 42, 37, 43, 98, 82, 35, 46, 62, 19, 61, 89, 10, 48, 81, 6, 0, 2, 67, 23, 28, 75, 18, 88, 3, 24, 39, 100, 76, 71, 58, 90, 84, 41, 13, 99, 97, 92, 36, 96, 86, 93, 5, 17, 68, 9, 63, 47, 87, 49, 11, 25, 73, 38, 66, 55, 22, 74, 40, 20, 21, 72, 12, 57, 26, 27, 30, 69, 31, 65, 50, 32, 78, 79, 53, 54, 1, 56, 14, 95, 91, 4, 60, 85, 83, 59, 44, 16, 45, 7, 51, 52, 80, 8, 70, 64, 34, 77, 33, 29, 15]
population:50  generations：10000
全程路程：1229.93500400262
路线：[15, 94, 42, 37, 43, 98, 82, 35, 46, 62, 19, 89, 10, 48, 63, 47, 81, 6, 0, 2, 67, 23, 3, 24, 39, 100, 75, 76, 28, 71, 18, 45, 7, 51, 88, 58, 90, 84, 41, 13, 99, 97, 92, 36, 96, 86, 93, 12, 5, 1, 56, 14, 95, 91, 60, 85, 83, 4, 59, 44, 16, 17, 68, 61, 9, 87, 30, 69, 31, 65, 50, 32, 49, 11, 25, 79, 53, 54, 73, 55, 38, 66, 22, 74, 20, 40, 21, 72, 57, 52, 26, 27, 78, 77, 80, 8, 70, 64, 34, 33, 29, 15]
population:50  generations：20000
全程路程：993.3880910974202
路线：[15, 94, 96, 86, 93, 98, 82, 35, 46, 18, 45, 7, 51, 88, 58, 12, 5, 1, 56, 14, 42, 37, 43, 90, 99, 97, 84, 92, 36, 95, 91, 41, 13, 85, 83, 4, 59, 44, 16, 60, 17, 68, 61, 9, 62, 89, 10, 48, 63, 47, 81, 6, 87, 30, 69, 31, 65, 19, 50, 32, 49, 76, 2, 67, 23, 28, 79, 54, 38, 66, 22, 40, 21, 74, 55, 73, 71, 20, 72, 3, 24, 53, 39, 57, 52, 26, 100, 27, 0, 11, 25, 75, 78, 77, 80, 8, 70, 64, 34, 33, 29, 15]
population:100  generations：5000
全程路程：1168.087493050216
路线：[15, 37, 85, 43, 14, 39, 26, 87, 88, 6, 45, 4, 60, 58, 93, 96, 98, 95, 5, 94, 97, 90, 13, 56, 91, 86, 1, 21, 40, 73, 20, 25, 75, 49, 51, 7, 82, 17, 44, 81, 10, 61, 9, 29, 8, 77, 34, 64, 33, 76, 2, 78, 28, 53, 23, 24, 22, 38, 66, 54, 79, 67, 11, 100, 99, 92, 84, 59, 83, 16, 47, 46, 48, 35, 18, 68, 0, 32, 80, 50, 70, 65, 19, 31, 89, 63, 62, 69, 30, 27, 52, 3, 55, 74, 71, 57, 12, 36, 41, 42, 72, 15]
population:100  generations：10000
全程路程：1009.8393261696232
路线：[15, 37, 85, 43, 58, 98, 95, 5, 94, 93, 97, 90, 13, 41, 56, 14, 39, 26, 100, 96, 86, 1, 3, 55, 74, 21, 40, 73, 71, 20, 25, 75, 49, 51, 88, 17, 7, 59, 82, 83, 16, 44, 81, 47, 46, 63, 48, 35, 18, 68, 0, 32, 80, 50, 70, 65, 19, 31, 89, 62, 69, 30, 87, 45, 6, 10, 61, 9, 29, 8, 64, 34, 77, 33, 76, 2, 78, 28, 53, 23, 24, 38, 22, 66, 54, 79, 67, 11, 27, 52, 57, 12, 36, 99, 60, 4, 84, 92, 91, 42, 72, 15]
population:100  generations：20000
全程路程：968.6461499570929
路线：[15, 37, 85, 43, 99, 60, 4, 84, 92, 58, 98, 95, 5, 93, 97, 90, 13, 41, 56, 14, 39, 26, 100, 96, 94, 86, 1, 3, 55, 74, 21, 40, 73, 71, 20, 25, 75, 49, 0, 32, 80, 50, 70, 65, 19, 31, 89, 62, 69, 30, 51, 88, 17, 59, 7, 82, 83, 16, 44, 45, 6, 81, 47, 46, 63, 48, 35, 18, 68, 87, 61, 10, 9, 29, 8, 64, 34, 33, 78, 77, 28, 53, 23, 24, 38, 22, 66, 54, 79, 67, 76, 2, 11, 27, 52, 57, 12, 91, 36, 42, 72, 15]
