population:10  generations：5000
全程路程：1503.6744008431833
路线：[15, 36, 1, 25, 71, 38, 24, 49, 22, 21, 0, 41, 46, 68, 60, 32, 61, 40, 42, 39, 47, 29, 14, 50, 55, 23, 63, 62, 17, 48, 44, 69, 53, 51, 45, 28, 73, 72, 64, 30, 57, 2, 8, 34, 58, 65, 13, 52, 31, 43, 11, 7, 66, 26, 9, 54, 10, 37, 6, 16, 74, 75, 33, 4, 56, 35, 59, 70, 20, 27, 67, 5, 3, 12, 18, 19, 15]
population:10  generations：10000
全程路程：1358.2155051643556
路线：[15, 36, 1, 25, 71, 38, 9, 54, 24, 49, 22, 21, 0, 41, 27, 67, 47, 29, 26, 16, 74, 4, 56, 14, 50, 8, 31, 39, 43, 11, 7, 66, 35, 59, 70, 20, 69, 53, 51, 45, 28, 73, 72, 55, 23, 63, 62, 17, 48, 44, 46, 68, 60, 5, 32, 61, 40, 42, 33, 6, 64, 30, 37, 57, 2, 75, 3, 12, 34, 58, 13, 65, 10, 52, 18, 19, 15]
population:10  generations：20000
全程路程：1180.8335211574567
路线：[15, 36, 1, 25, 45, 33, 6, 37, 64, 30, 57, 11, 7, 66, 75, 3, 28, 73, 44, 46, 68, 47, 29, 35, 59, 69, 70, 20, 50, 5, 2, 32, 61, 40, 42, 22, 63, 62, 71, 38, 8, 31, 9, 54, 24, 49, 39, 43, 60, 21, 0, 72, 55, 23, 17, 48, 41, 27, 67, 26, 16, 74, 4, 56, 14, 53, 51, 12, 34, 13, 58, 65, 10, 52, 18, 19, 15]
population:20  generations：5000
全程路程：1155.515855852707
路线：[15, 62, 22, 54, 72, 20, 60, 21, 42, 31, 8, 9, 65, 52, 13, 10, 18, 12, 7, 58, 34, 51, 26, 73, 63, 40, 32, 2, 17, 49, 23, 24, 30, 37, 64, 71, 43, 25, 57, 33, 6, 75, 68, 4, 35, 70, 36, 46, 47, 29, 44, 53, 14, 19, 69, 59, 56, 28, 45, 66, 1, 5, 0, 55, 41, 61, 27, 74, 3, 67, 11, 38, 48, 50, 16, 39, 15]
population:20  generations：10000
全程路程：1062.2913829945135
路线：[15, 62, 22, 5, 0, 55, 41, 63, 40, 32, 2, 17, 49, 23, 24, 30, 37, 64, 71, 43, 54, 25, 57, 11, 38, 66, 75, 1, 68, 4, 35, 70, 36, 27, 73, 46, 47, 29, 61, 72, 20, 60, 21, 42, 31, 8, 9, 65, 52, 13, 10, 18, 44, 74, 3, 45, 51, 26, 12, 7, 58, 34, 6, 33, 53, 14, 56, 19, 69, 59, 28, 67, 50, 48, 16, 39, 15]
population:20  generations：20000
全程路程：918.7243779927005
路线：[15, 62, 22, 5, 48, 0, 55, 41, 63, 40, 61, 72, 21, 42, 32, 50, 2, 17, 49, 23, 24, 30, 37, 71, 43, 54, 31, 25, 57, 11, 38, 8, 9, 64, 65, 58, 34, 52, 10, 13, 18, 51, 26, 12, 44, 74, 66, 75, 1, 46, 4, 68, 70, 35, 36, 28, 47, 29, 3, 45, 7, 6, 33, 53, 14, 56, 19, 69, 59, 20, 60, 27, 73, 67, 16, 39, 15]
population:50  generations：5000
全程路程：945.1580475033586
路线：[15, 11, 33, 26, 45, 13, 53, 56, 14, 4, 36, 35, 46, 73, 60, 61, 3, 75, 51, 29, 28, 70, 68, 69, 19, 59, 12, 18, 37, 9, 57, 30, 54, 24, 49, 17, 23, 43, 31, 39, 25, 8, 71, 38, 2, 16, 1, 72, 62, 48, 50, 27, 20, 47, 44, 67, 7, 34, 52, 58, 65, 10, 64, 6, 66, 74, 5, 32, 42, 40, 55, 0, 41, 63, 21, 22, 15]
population:50  generations：10000
全程路程：862.2924345919964
路线：[15, 11, 33, 26, 45, 51, 29, 28, 70, 68, 69, 19, 59, 12, 18, 34, 52, 58, 10, 65, 64, 6, 25, 37, 9, 57, 30, 54, 24, 49, 17, 23, 43, 31, 39, 71, 38, 8, 2, 50, 16, 13, 53, 56, 14, 4, 36, 35, 46, 73, 60, 61, 27, 20, 47, 44, 1, 67, 3, 7, 66, 75, 74, 5, 72, 62, 48, 32, 0, 42, 55, 40, 41, 63, 21, 22, 15]
population:50  generations：20000
全程路程：811.3236199003861
路线：[15, 11, 71, 38, 8, 2, 50, 16, 13, 53, 56, 14, 4, 36, 35, 46, 73, 60, 61, 27, 20, 47, 1, 67, 3, 7, 18, 33, 26, 51, 45, 66, 75, 74, 29, 28, 44, 70, 68, 69, 19, 59, 12, 34, 6, 25, 52, 58, 10, 65, 64, 37, 9, 57, 30, 54, 24, 49, 17, 23, 48, 43, 31, 39, 5, 62, 32, 72, 0, 42, 55, 40, 41, 63, 21, 22, 15]
population:100  generations：5000
全程路程：948.7619171387495
路线：[15, 61, 33, 57, 65, 13, 52, 6, 7, 58, 10, 64, 37, 53, 45, 67, 74, 25, 16, 49, 31, 24, 30, 9, 38, 8, 43, 39, 11, 50, 2, 48, 32, 62, 1, 28, 47, 73, 60, 20, 46, 27, 21, 0, 41, 63, 72, 5, 75, 3, 34, 18, 26, 12, 56, 14, 4, 36, 69, 59, 70, 68, 35, 19, 44, 51, 66, 71, 54, 17, 23, 22, 55, 40, 42, 29, 15]
population:100  generations：10000
全程路程：862.7971708372851
路线：[15, 61, 1, 28, 47, 73, 60, 20, 46, 27, 21, 0, 41, 63, 72, 67, 74, 25, 16, 49, 24, 30, 9, 38, 8, 31, 43, 39, 50, 2, 48, 62, 32, 5, 75, 6, 7, 57, 65, 13, 58, 52, 10, 64, 37, 34, 45, 3, 33, 53, 18, 51, 26, 12, 56, 14, 4, 36, 69, 59, 70, 68, 35, 19, 44, 66, 11, 71, 54, 17, 23, 22, 55, 40, 42, 29, 15]
population:100  generations：20000
全程路程：798.1596406708694
路线：[15, 61, 1, 60, 20, 46, 28, 47, 73, 27, 21, 0, 41, 63, 72, 67, 74, 16, 39, 49, 24, 30, 9, 38, 8, 31, 43, 50, 2, 48, 62, 32, 5, 75, 6, 7, 45, 3, 33, 57, 37, 10, 64, 65, 58, 13, 52, 34, 18, 53, 51, 26, 12, 56, 14, 4, 36, 69, 59, 70, 68, 35, 19, 44, 66, 25, 11, 71, 54, 17, 23, 22, 55, 40, 42, 29, 15]
