population:10  generations：5000
全程路程：101790.4256680872
路线：[15, 80, 19, 90, 10, 20, 9, 37, 35, 3, 78, 83, 50, 60, 54, 85, 57, 88, 5, 71, 58, 0, 8, 6, 59, 73, 44, 11, 43, 67, 24, 86, 56, 82, 26, 39, 68, 49, 81, 70, 47, 89, 46, 98, 96, 79, 25, 41, 65, 22, 62, 74, 64, 91, 16, 87, 69, 23, 31, 2, 40, 29, 63, 7, 30, 33, 92, 66, 97, 18, 52, 76, 13, 99, 75, 36, 51, 61, 28, 34, 14, 93, 27, 21, 17, 55, 1, 72, 77, 95, 84, 48, 53, 94, 4, 42, 12, 45, 38, 32, 15]
population:10  generations：10000
全程路程：83773.96673049692
路线：[15, 80, 19, 90, 10, 20, 9, 37, 35, 3, 78, 83, 50, 60, 54, 8, 6, 59, 73, 44, 11, 43, 67, 24, 86, 56, 82, 26, 39, 68, 49, 81, 33, 18, 52, 92, 27, 74, 55, 1, 72, 77, 95, 2, 40, 29, 63, 84, 45, 70, 47, 4, 42, 28, 34, 85, 57, 88, 76, 13, 99, 75, 36, 51, 61, 7, 30, 65, 22, 23, 31, 46, 96, 79, 25, 91, 41, 62, 16, 98, 89, 5, 71, 58, 0, 97, 14, 21, 93, 17, 87, 69, 64, 48, 66, 53, 94, 12, 38, 32, 15]
population:10  generations：20000
全程路程：72341.52116429292
路线：[15, 80, 19, 90, 10, 20, 9, 37, 35, 98, 89, 5, 1, 72, 77, 95, 2, 40, 29, 63, 7, 30, 71, 58, 0, 55, 79, 25, 91, 41, 62, 16, 61, 76, 13, 99, 70, 47, 75, 12, 36, 51, 56, 8, 6, 82, 26, 39, 68, 43, 67, 24, 86, 84, 49, 81, 97, 14, 22, 92, 27, 74, 65, 21, 93, 17, 87, 69, 64, 3, 78, 83, 31, 46, 50, 60, 54, 59, 73, 44, 11, 33, 45, 4, 42, 28, 34, 85, 57, 88, 96, 48, 18, 52, 23, 66, 53, 94, 38, 32, 15]
population:20  generations：5000
全程路程：75294.58062374484
路线：[15, 61, 16, 45, 8, 31, 22, 6, 54, 85, 29, 84, 2, 12, 38, 56, 24, 76, 0, 49, 66, 41, 88, 7, 27, 46, 91, 39, 44, 57, 92, 79, 30, 64, 74, 69, 52, 65, 17, 21, 25, 55, 18, 93, 48, 62, 96, 3, 35, 37, 83, 87, 20, 73, 14, 59, 50, 33, 82, 28, 99, 70, 19, 34, 80, 75, 51, 36, 94, 4, 77, 95, 1, 63, 60, 97, 13, 32, 81, 67, 68, 86, 26, 42, 40, 47, 72, 53, 43, 11, 90, 10, 9, 78, 98, 58, 71, 5, 89, 23, 15]
population:20  generations：10000
全程路程：65815.79173144736
路线：[15, 61, 85, 59, 16, 80, 51, 36, 77, 95, 94, 4, 75, 81, 32, 12, 67, 45, 28, 99, 70, 29, 84, 2, 38, 24, 76, 31, 97, 0, 49, 66, 41, 88, 7, 27, 46, 91, 39, 44, 57, 92, 79, 30, 64, 74, 69, 52, 65, 17, 21, 25, 55, 96, 18, 93, 48, 62, 3, 35, 83, 87, 20, 73, 14, 22, 50, 33, 1, 63, 60, 8, 56, 86, 6, 54, 26, 42, 40, 47, 72, 53, 43, 68, 13, 82, 19, 34, 11, 90, 10, 9, 78, 37, 98, 58, 71, 5, 89, 23, 15]
population:20  generations：20000
全程路程：55296.10197728387
路线：[15, 61, 85, 59, 16, 80, 51, 36, 77, 95, 94, 4, 75, 81, 32, 12, 67, 45, 28, 99, 70, 29, 50, 33, 1, 63, 60, 8, 56, 86, 6, 54, 26, 42, 40, 47, 72, 53, 43, 68, 13, 82, 19, 34, 11, 49, 66, 41, 88, 0, 39, 84, 2, 38, 24, 76, 31, 14, 22, 90, 97, 44, 57, 79, 30, 7, 92, 27, 46, 91, 74, 65, 64, 25, 55, 96, 18, 3, 87, 78, 69, 52, 21, 93, 17, 37, 98, 35, 58, 10, 73, 20, 71, 83, 9, 48, 62, 5, 89, 23, 15]
population:50  generations：5000
全程路程：57774.89894328148
路线：[15, 84, 53, 63, 94, 95, 77, 51, 70, 99, 2, 28, 45, 42, 13, 67, 72, 68, 24, 86, 80, 33, 54, 4, 36, 81, 75, 12, 43, 88, 79, 21, 17, 91, 5, 48, 52, 78, 83, 0, 31, 20, 14, 10, 16, 46, 90, 19, 76, 26, 34, 8, 66, 49, 39, 1, 29, 47, 32, 38, 40, 56, 6, 82, 11, 59, 22, 61, 60, 85, 50, 57, 7, 30, 55, 3, 25, 64, 65, 18, 96, 92, 27, 44, 41, 74, 87, 93, 23, 98, 35, 73, 97, 58, 71, 9, 37, 62, 89, 69, 15]
population:50  generations：10000
全程路程：46094.07695363821
路线：[15, 84, 53, 63, 39, 1, 94, 95, 77, 51, 70, 99, 2, 28, 45, 42, 13, 67, 72, 68, 24, 92, 27, 57, 66, 49, 60, 76, 33, 54, 80, 50, 8, 86, 29, 47, 32, 38, 40, 4, 36, 81, 75, 12, 43, 88, 79, 62, 91, 0, 7, 30, 41, 74, 55, 3, 25, 64, 65, 18, 96, 5, 48, 31, 20, 14, 10, 16, 46, 90, 19, 26, 85, 34, 56, 6, 82, 11, 59, 61, 22, 97, 44, 58, 71, 73, 83, 9, 35, 98, 23, 37, 17, 21, 93, 87, 52, 78, 89, 69, 15]
population:50  generations：20000
全程路程：40188.87667923702
路线：[15, 84, 67, 72, 63, 39, 53, 1, 94, 32, 38, 95, 77, 51, 70, 99, 40, 2, 28, 45, 42, 13, 68, 24, 60, 76, 8, 33, 80, 50, 92, 27, 57, 66, 49, 86, 56, 6, 29, 47, 4, 36, 81, 75, 12, 43, 91, 0, 62, 7, 88, 79, 30, 41, 74, 55, 3, 25, 64, 65, 18, 96, 5, 48, 46, 14, 10, 16, 90, 19, 34, 82, 54, 11, 26, 85, 61, 59, 22, 97, 44, 31, 20, 71, 73, 58, 83, 9, 35, 98, 37, 23, 17, 93, 21, 87, 52, 78, 89, 69, 15]
population:100  generations：5000
全程路程：46298.40910547856
路线：[15, 47, 49, 1, 39, 24, 60, 80, 50, 8, 56, 54, 82, 28, 13, 40, 99, 36, 32, 51, 70, 29, 77, 95, 33, 42, 2, 45, 11, 61, 76, 57, 86, 6, 26, 85, 34, 92, 27, 66, 88, 30, 79, 55, 91, 62, 20, 73, 9, 46, 97, 22, 90, 44, 59, 19, 67, 84, 53, 68, 63, 72, 81, 94, 75, 12, 4, 38, 43, 83, 35, 71, 37, 17, 98, 23, 87, 21, 69, 52, 58, 10, 16, 14, 31, 0, 5, 48, 89, 18, 74, 96, 41, 7, 3, 25, 64, 65, 93, 78, 15]
population:100  generations：10000
全程路程：41672.363030622764
路线：[15, 47, 49, 67, 84, 68, 63, 53, 1, 39, 72, 81, 94, 75, 12, 4, 38, 43, 24, 60, 80, 50, 8, 56, 54, 82, 28, 13, 40, 99, 36, 32, 51, 77, 95, 70, 29, 33, 42, 2, 45, 11, 86, 6, 26, 85, 34, 61, 76, 57, 92, 27, 66, 88, 30, 79, 18, 74, 96, 55, 91, 62, 20, 73, 35, 71, 83, 23, 17, 87, 21, 69, 52, 37, 98, 58, 10, 16, 14, 31, 0, 5, 48, 89, 9, 46, 97, 22, 90, 44, 59, 19, 41, 7, 3, 64, 25, 65, 93, 78, 15]
population:100  generations：20000
全程路程：37829.590675684754
路线：[15, 47, 13, 40, 99, 36, 32, 51, 77, 95, 29, 84, 49, 67, 68, 63, 53, 1, 39, 72, 81, 94, 75, 12, 4, 38, 43, 24, 60, 80, 50, 8, 56, 82, 33, 28, 42, 45, 70, 2, 54, 11, 86, 6, 26, 85, 19, 34, 61, 57, 92, 27, 66, 7, 41, 88, 30, 79, 18, 74, 96, 55, 91, 48, 89, 9, 83, 37, 23, 17, 87, 21, 69, 52, 5, 62, 97, 22, 59, 76, 90, 44, 10, 14, 16, 20, 73, 71, 98, 35, 58, 31, 46, 0, 3, 64, 25, 65, 93, 78, 15]
