population:10  generations：5000
全程路程：93115.25151661971
路线：[15, 4, 20, 86, 12, 79, 66, 0, 63, 14, 83, 50, 99, 73, 69, 2, 68, 43, 44, 25, 30, 82, 27, 71, 88, 40, 75, 90, 34, 29, 61, 7, 24, 97, 16, 42, 87, 94, 70, 55, 67, 6, 17, 62, 51, 96, 18, 95, 3, 92, 80, 9, 98, 32, 59, 39, 76, 89, 74, 49, 93, 78, 19, 54, 33, 21, 5, 38, 1, 37, 57, 85, 35, 56, 13, 22, 46, 64, 77, 91, 48, 23, 58, 72, 47, 10, 8, 28, 36, 31, 11, 60, 81, 41, 26, 53, 84, 52, 45, 65, 15]
population:10  generations：10000
全程路程：83133.66300212554
路线：[15, 4, 20, 86, 12, 79, 66, 0, 63, 14, 83, 50, 99, 73, 69, 2, 68, 43, 44, 25, 30, 53, 89, 74, 49, 93, 78, 19, 54, 38, 61, 7, 24, 97, 16, 33, 21, 5, 82, 27, 71, 67, 88, 40, 75, 90, 42, 87, 94, 70, 55, 22, 1, 37, 57, 85, 34, 6, 17, 62, 51, 96, 18, 95, 3, 92, 80, 9, 98, 32, 59, 39, 76, 23, 77, 91, 48, 13, 35, 56, 29, 58, 72, 47, 10, 8, 28, 36, 31, 11, 60, 81, 84, 26, 41, 46, 64, 52, 45, 65, 15]
population:10  generations：20000
全程路程：68536.5201768505
路线：[15, 4, 20, 29, 49, 93, 78, 19, 54, 74, 67, 88, 40, 94, 70, 55, 85, 34, 22, 1, 75, 90, 42, 38, 82, 27, 71, 37, 57, 61, 7, 41, 63, 14, 39, 76, 3, 11, 83, 50, 62, 51, 96, 99, 73, 98, 32, 59, 12, 79, 66, 0, 6, 17, 28, 36, 18, 9, 31, 87, 69, 2, 68, 43, 44, 80, 56, 35, 58, 72, 95, 47, 86, 13, 92, 23, 25, 81, 77, 91, 48, 10, 8, 60, 30, 53, 21, 89, 24, 97, 16, 33, 5, 46, 64, 84, 26, 52, 45, 65, 15]
population:20  generations：5000
全程路程：79791.72471052942
路线：[15, 99, 13, 11, 26, 73, 58, 79, 61, 87, 12, 84, 28, 36, 2, 46, 41, 16, 24, 54, 63, 22, 82, 85, 4, 37, 7, 0, 56, 44, 92, 48, 91, 98, 18, 32, 80, 47, 77, 81, 8, 51, 25, 23, 59, 53, 66, 30, 5, 74, 69, 72, 40, 88, 95, 9, 68, 34, 52, 17, 10, 96, 65, 86, 6, 31, 50, 43, 35, 83, 62, 45, 39, 89, 33, 19, 64, 29, 76, 1, 49, 94, 75, 67, 14, 78, 3, 70, 20, 90, 93, 97, 21, 71, 38, 27, 55, 42, 57, 60, 15]
population:20  generations：10000
全程路程：61169.88332470941
路线：[15, 99, 44, 92, 48, 91, 98, 13, 11, 26, 73, 58, 79, 61, 87, 16, 24, 49, 94, 75, 1, 67, 14, 78, 0, 95, 9, 68, 72, 2, 40, 88, 34, 52, 17, 10, 51, 18, 35, 96, 56, 32, 80, 47, 83, 62, 6, 77, 81, 45, 39, 66, 46, 41, 54, 63, 29, 76, 3, 22, 69, 30, 12, 84, 28, 31, 50, 43, 65, 86, 36, 8, 25, 23, 59, 53, 89, 33, 19, 64, 5, 82, 7, 21, 74, 20, 90, 93, 71, 38, 70, 85, 4, 42, 55, 37, 27, 97, 57, 60, 15]
population:20  generations：20000
全程路程：56146.879085074484
路线：[15, 99, 44, 92, 48, 91, 98, 13, 11, 26, 73, 58, 79, 61, 87, 16, 24, 19, 64, 5, 82, 7, 21, 74, 90, 93, 85, 4, 42, 55, 37, 27, 70, 71, 38, 49, 94, 69, 75, 1, 67, 30, 14, 78, 0, 95, 9, 68, 72, 2, 40, 88, 34, 3, 52, 17, 10, 51, 18, 35, 96, 56, 32, 80, 47, 83, 62, 6, 77, 81, 45, 39, 66, 46, 41, 54, 63, 12, 84, 28, 31, 8, 50, 43, 65, 86, 36, 25, 23, 59, 22, 20, 29, 76, 53, 89, 33, 97, 57, 60, 15]
population:50  generations：5000
全程路程：52370.87186332147
路线：[15, 36, 47, 59, 54, 74, 49, 71, 82, 16, 7, 33, 61, 87, 37, 30, 53, 67, 75, 90, 69, 29, 1, 34, 20, 76, 99, 98, 91, 32, 86, 80, 44, 68, 58, 14, 12, 78, 46, 79, 97, 27, 38, 70, 55, 42, 4, 85, 93, 94, 40, 2, 72, 10, 51, 83, 96, 95, 9, 73, 56, 35, 13, 18, 50, 81, 62, 43, 65, 3, 17, 60, 77, 6, 25, 23, 28, 45, 39, 63, 41, 19, 66, 5, 24, 57, 89, 21, 64, 22, 88, 26, 84, 52, 0, 11, 92, 48, 31, 8, 15]
population:50  generations：10000
全程路程：46194.300736348545
路线：[15, 36, 47, 86, 80, 44, 68, 58, 14, 12, 78, 41, 46, 54, 74, 49, 71, 82, 16, 7, 33, 87, 37, 97, 27, 38, 70, 55, 42, 4, 85, 93, 94, 75, 40, 59, 67, 90, 69, 30, 53, 61, 79, 66, 5, 24, 57, 89, 21, 1, 34, 64, 22, 88, 20, 29, 76, 99, 2, 72, 73, 56, 35, 96, 95, 10, 51, 83, 9, 98, 91, 32, 13, 18, 50, 77, 6, 25, 81, 62, 43, 65, 3, 11, 92, 48, 17, 28, 60, 23, 45, 39, 63, 19, 26, 84, 0, 52, 31, 8, 15]
population:50  generations：20000
全程路程：40545.041343266275
路线：[15, 36, 47, 86, 80, 96, 32, 13, 18, 92, 48, 17, 28, 50, 77, 6, 25, 81, 62, 43, 65, 95, 10, 51, 83, 44, 68, 58, 40, 67, 90, 61, 30, 53, 22, 88, 14, 12, 78, 41, 54, 66, 76, 99, 73, 56, 35, 9, 98, 91, 2, 72, 59, 3, 11, 39, 63, 19, 74, 21, 5, 64, 46, 49, 71, 82, 16, 7, 24, 57, 89, 33, 37, 87, 97, 27, 38, 70, 55, 42, 4, 85, 93, 94, 69, 75, 20, 29, 1, 34, 79, 26, 84, 0, 52, 45, 23, 60, 31, 8, 15]
population:100  generations：5000
全程路程：46804.57583266537
路线：[15, 81, 23, 54, 7, 24, 16, 33, 53, 93, 75, 42, 49, 85, 94, 1, 34, 20, 29, 88, 40, 68, 2, 72, 59, 56, 3, 11, 28, 26, 63, 19, 41, 14, 78, 64, 61, 74, 21, 82, 38, 37, 4, 27, 97, 89, 57, 87, 55, 90, 69, 22, 67, 76, 5, 71, 70, 46, 30, 66, 12, 84, 39, 45, 36, 77, 6, 25, 60, 31, 0, 52, 50, 43, 62, 8, 17, 48, 18, 13, 35, 80, 44, 99, 32, 96, 86, 95, 51, 10, 47, 83, 65, 9, 91, 98, 92, 73, 58, 79, 15]
population:100  generations：10000
全程路程：43194.26630652395
路线：[15, 81, 23, 63, 19, 41, 74, 21, 82, 38, 37, 4, 71, 70, 46, 30, 54, 14, 78, 66, 12, 64, 76, 5, 61, 7, 24, 16, 33, 53, 27, 97, 89, 57, 87, 55, 90, 69, 22, 67, 93, 75, 42, 49, 85, 94, 1, 34, 20, 29, 88, 40, 68, 2, 72, 59, 56, 3, 11, 28, 0, 52, 26, 84, 39, 45, 31, 77, 6, 36, 50, 43, 62, 8, 25, 60, 17, 48, 92, 98, 18, 13, 35, 99, 32, 80, 44, 96, 86, 95, 51, 10, 83, 47, 65, 91, 9, 73, 58, 79, 15]
population:100  generations：20000
全程路程：36935.17373961164
路线：[15, 81, 28, 23, 63, 19, 41, 74, 21, 46, 30, 54, 66, 14, 78, 12, 64, 76, 53, 5, 61, 82, 38, 97, 7, 16, 24, 33, 89, 57, 87, 27, 55, 4, 71, 70, 37, 93, 75, 42, 49, 85, 94, 90, 69, 22, 67, 34, 20, 1, 29, 88, 40, 68, 2, 72, 59, 56, 3, 11, 0, 52, 26, 84, 39, 45, 31, 36, 8, 77, 6, 25, 60, 17, 48, 92, 13, 35, 99, 32, 80, 44, 96, 95, 86, 51, 10, 83, 47, 50, 62, 43, 65, 18, 98, 91, 9, 73, 58, 79, 15]
