population:10  generations：5000
全程路程：97845.6354399465
路线：[15, 70, 72, 53, 63, 55, 8, 34, 39, 84, 54, 36, 58, 42, 90, 82, 57, 65, 26, 22, 59, 29, 47, 45, 48, 88, 33, 35, 6, 56, 94, 86, 76, 38, 92, 50, 11, 66, 60, 83, 25, 95, 17, 24, 1, 91, 18, 43, 61, 99, 2, 67, 32, 30, 5, 81, 44, 77, 37, 98, 4, 0, 87, 10, 49, 69, 78, 12, 75, 79, 13, 74, 93, 97, 16, 21, 96, 7, 51, 85, 62, 68, 3, 80, 23, 31, 41, 73, 71, 9, 46, 27, 20, 19, 14, 64, 52, 89, 40, 28, 15]
population:10  generations：10000
全程路程：85108.24773618493
路线：[15, 70, 72, 53, 43, 11, 61, 99, 2, 17, 24, 63, 55, 8, 34, 39, 84, 54, 36, 58, 42, 90, 82, 57, 65, 26, 22, 59, 29, 47, 45, 74, 93, 48, 88, 33, 32, 30, 98, 64, 9, 46, 27, 20, 19, 67, 66, 60, 83, 25, 52, 62, 14, 89, 35, 6, 71, 56, 94, 86, 76, 38, 92, 50, 18, 1, 91, 4, 85, 68, 3, 0, 10, 97, 16, 7, 5, 95, 81, 13, 44, 77, 37, 51, 80, 87, 23, 49, 69, 21, 96, 78, 12, 31, 41, 73, 75, 79, 40, 28, 15]
population:10  generations：20000
全程路程：69280.81494489545
路线：[15, 70, 72, 53, 43, 59, 29, 47, 50, 18, 1, 91, 9, 46, 27, 20, 25, 4, 85, 6, 71, 56, 94, 86, 82, 19, 11, 61, 99, 2, 17, 24, 63, 5, 95, 81, 55, 8, 34, 39, 84, 54, 36, 58, 42, 0, 10, 97, 88, 7, 13, 44, 77, 79, 49, 45, 32, 30, 98, 64, 76, 92, 67, 66, 60, 75, 37, 65, 26, 22, 69, 51, 80, 73, 83, 62, 14, 68, 3, 52, 38, 90, 78, 87, 23, 12, 96, 31, 93, 16, 89, 35, 57, 74, 21, 41, 48, 33, 40, 28, 15]
population:20  generations：5000
全程路程：72663.44750304954
路线：[15, 78, 33, 68, 67, 62, 63, 42, 92, 29, 95, 72, 12, 23, 80, 65, 40, 14, 13, 32, 79, 74, 30, 71, 98, 64, 39, 19, 84, 81, 46, 20, 27, 55, 9, 25, 54, 17, 77, 44, 6, 75, 70, 86, 8, 28, 37, 26, 82, 61, 99, 4, 11, 85, 45, 97, 57, 90, 76, 38, 83, 3, 47, 91, 18, 94, 24, 2, 5, 58, 52, 36, 50, 1, 34, 43, 59, 53, 56, 35, 66, 87, 51, 60, 73, 21, 41, 10, 88, 0, 7, 96, 49, 89, 93, 31, 16, 69, 48, 22, 15]
population:20  generations：10000
全程路程：61314.18467695315
路线：[15, 78, 33, 68, 67, 62, 63, 42, 92, 29, 95, 72, 12, 23, 80, 65, 49, 40, 70, 90, 76, 39, 19, 84, 81, 3, 18, 47, 1, 91, 94, 24, 2, 5, 58, 52, 36, 50, 34, 86, 8, 11, 46, 20, 27, 55, 9, 25, 54, 17, 38, 83, 37, 26, 82, 61, 99, 4, 85, 43, 59, 53, 51, 14, 13, 32, 79, 74, 30, 71, 98, 64, 77, 44, 6, 75, 60, 73, 56, 45, 97, 69, 57, 28, 35, 66, 21, 41, 0, 87, 7, 10, 93, 31, 96, 16, 89, 88, 48, 22, 15]
population:20  generations：20000
全程路程：55031.35644823974
路线：[15, 78, 33, 60, 73, 6, 75, 79, 68, 67, 62, 63, 42, 92, 29, 95, 72, 12, 23, 45, 80, 65, 49, 40, 70, 90, 76, 39, 8, 11, 46, 20, 27, 55, 9, 19, 84, 81, 3, 18, 47, 1, 91, 94, 24, 2, 58, 52, 82, 61, 50, 34, 99, 4, 85, 43, 59, 36, 86, 25, 54, 5, 17, 38, 83, 37, 26, 53, 51, 14, 13, 32, 44, 30, 71, 64, 77, 98, 56, 74, 57, 28, 35, 66, 21, 41, 0, 87, 7, 10, 88, 16, 89, 93, 31, 96, 97, 69, 48, 22, 15]
population:50  generations：5000
全程路程：54679.525799704585
路线：[15, 45, 73, 56, 46, 3, 4, 58, 84, 44, 77, 98, 79, 75, 71, 41, 48, 60, 74, 10, 22, 0, 83, 37, 7, 65, 72, 23, 12, 78, 87, 26, 51, 14, 30, 92, 50, 1, 18, 61, 9, 11, 27, 86, 20, 55, 94, 52, 24, 5, 2, 63, 64, 13, 32, 67, 17, 81, 19, 39, 43, 82, 8, 54, 91, 36, 34, 29, 99, 47, 25, 59, 62, 53, 42, 70, 90, 76, 38, 85, 95, 68, 6, 28, 35, 66, 57, 21, 69, 96, 97, 88, 89, 16, 93, 31, 49, 33, 40, 80, 15]
population:50  generations：10000
全程路程：47799.25894518449
路线：[15, 45, 73, 56, 30, 11, 27, 86, 20, 55, 94, 52, 24, 5, 39, 46, 81, 44, 77, 98, 79, 75, 71, 41, 48, 22, 10, 0, 37, 7, 65, 60, 74, 72, 23, 12, 78, 87, 26, 51, 14, 83, 64, 13, 32, 67, 17, 19, 4, 2, 63, 3, 43, 82, 8, 54, 91, 36, 34, 29, 99, 47, 9, 25, 59, 92, 50, 1, 18, 61, 58, 84, 42, 70, 62, 53, 90, 76, 38, 85, 95, 68, 6, 66, 35, 28, 57, 21, 69, 88, 89, 16, 93, 97, 96, 31, 49, 33, 40, 80, 15]
population:50  generations：20000
全程路程：42438.023439506884
路线：[15, 45, 73, 56, 30, 11, 27, 20, 55, 94, 91, 9, 25, 59, 92, 36, 34, 50, 29, 99, 47, 1, 18, 61, 52, 39, 5, 24, 46, 81, 44, 77, 98, 79, 75, 71, 41, 48, 97, 22, 10, 33, 0, 37, 7, 65, 60, 74, 12, 78, 87, 26, 51, 14, 83, 64, 13, 32, 67, 17, 84, 19, 8, 54, 86, 4, 2, 58, 82, 63, 70, 3, 43, 42, 38, 72, 76, 62, 53, 90, 85, 95, 68, 6, 66, 35, 28, 57, 21, 69, 88, 89, 16, 96, 31, 93, 49, 23, 40, 80, 15]
population:100  generations：5000
全程路程：41784.60025159701
路线：[15, 44, 95, 79, 38, 14, 40, 78, 12, 87, 92, 36, 29, 1, 99, 9, 20, 11, 46, 8, 86, 94, 27, 55, 19, 24, 81, 84, 2, 91, 54, 25, 47, 18, 50, 34, 61, 43, 70, 76, 62, 68, 45, 7, 65, 10, 41, 22, 37, 74, 66, 56, 75, 6, 35, 57, 28, 21, 97, 48, 69, 88, 89, 16, 96, 93, 31, 0, 49, 60, 73, 90, 53, 13, 67, 32, 98, 71, 30, 77, 64, 85, 42, 3, 59, 52, 4, 82, 39, 5, 17, 58, 63, 72, 83, 23, 26, 80, 33, 51, 15]
population:100  generations：10000
全程路程：38793.00178670274
路线：[15, 44, 95, 79, 71, 30, 77, 64, 85, 42, 3, 59, 52, 4, 82, 39, 5, 17, 58, 63, 72, 38, 40, 78, 12, 87, 92, 9, 20, 11, 46, 8, 86, 94, 27, 55, 19, 24, 81, 84, 2, 36, 29, 1, 99, 91, 54, 25, 47, 18, 50, 34, 61, 43, 70, 76, 62, 68, 45, 7, 65, 10, 41, 22, 73, 74, 66, 60, 75, 14, 90, 53, 13, 67, 32, 98, 56, 6, 35, 57, 28, 21, 97, 48, 69, 88, 89, 16, 96, 31, 93, 37, 80, 83, 23, 26, 0, 49, 33, 51, 15]
population:100  generations：20000
全程路程：34817.77474154889
路线：[15, 44, 95, 79, 71, 30, 77, 64, 85, 63, 72, 38, 83, 23, 26, 40, 78, 12, 87, 14, 90, 53, 92, 42, 3, 59, 52, 4, 82, 39, 5, 17, 58, 9, 20, 11, 46, 27, 55, 94, 19, 24, 81, 84, 2, 36, 29, 1, 99, 91, 54, 8, 86, 25, 47, 18, 50, 34, 61, 43, 70, 76, 62, 68, 45, 7, 37, 65, 10, 41, 22, 73, 60, 75, 13, 67, 32, 98, 56, 74, 66, 6, 35, 57, 28, 21, 48, 97, 69, 88, 89, 16, 96, 31, 93, 49, 0, 80, 33, 51, 15]
