population:10  generations：5000
全程路程：70729.24405950625
路线：[15, 72, 81, 38, 56, 73, 16, 29, 66, 39, 50, 63, 80, 74, 68, 62, 79, 78, 65, 57, 53, 67, 85, 49, 51, 98, 83, 95, 84, 96, 71, 86, 59, 60, 13, 9, 0, 43, 47, 77, 64, 55, 21, 104, 46, 44, 25, 23, 32, 34, 40, 19, 26, 11, 2, 17, 30, 102, 36, 41, 45, 42, 58, 103, 88, 69, 91, 90, 101, 92, 76, 22, 54, 8, 24, 5, 10, 7, 3, 4, 12, 35, 27, 28, 52, 89, 99, 94, 61, 70, 75, 20, 6, 18, 1, 31, 48, 33, 37, 87, 93, 97, 82, 100, 14, 15]
population:10  generations：10000
全程路程：58037.030678934825
路线：[15, 72, 81, 74, 73, 67, 79, 49, 51, 61, 16, 29, 8, 24, 5, 10, 7, 3, 4, 12, 35, 27, 28, 33, 37, 87, 93, 97, 65, 57, 38, 56, 55, 21, 22, 54, 69, 91, 90, 101, 92, 89, 99, 94, 80, 46, 44, 104, 71, 83, 95, 96, 88, 75, 66, 39, 50, 77, 64, 70, 76, 68, 62, 98, 85, 86, 59, 60, 13, 11, 2, 6, 9, 0, 43, 47, 103, 25, 23, 32, 30, 20, 26, 102, 17, 36, 41, 52, 45, 42, 53, 78, 34, 40, 19, 18, 1, 31, 48, 58, 63, 82, 84, 100, 14, 15]
population:10  generations：20000
全程路程：49276.018592197455
路线：[15, 72, 81, 75, 66, 74, 73, 67, 79, 49, 51, 61, 104, 39, 50, 77, 85, 78, 70, 45, 42, 34, 16, 23, 32, 27, 11, 2, 6, 9, 0, 43, 25, 26, 29, 8, 24, 5, 10, 7, 3, 4, 33, 37, 87, 93, 97, 88, 98, 86, 59, 65, 71, 83, 95, 96, 91, 90, 101, 80, 56, 46, 44, 40, 60, 13, 12, 35, 19, 18, 1, 20, 28, 21, 22, 102, 30, 31, 17, 36, 41, 52, 53, 57, 64, 38, 69, 62, 47, 55, 54, 103, 48, 58, 63, 82, 84, 68, 92, 89, 99, 94, 76, 100, 14, 15]
population:20  generations：5000
全程路程：51043.8247342409
路线：[15, 53, 26, 27, 35, 60, 59, 38, 22, 23, 48, 103, 43, 51, 7, 33, 13, 11, 16, 6, 2, 5, 32, 63, 58, 54, 85, 79, 71, 77, 82, 73, 45, 52, 50, 46, 57, 41, 19, 102, 29, 37, 34, 20, 28, 39, 49, 66, 65, 64, 86, 87, 72, 83, 95, 70, 76, 91, 101, 98, 69, 104, 56, 61, 62, 68, 47, 44, 30, 21, 8, 14, 1, 36, 67, 84, 92, 100, 96, 90, 88, 94, 99, 89, 93, 97, 78, 81, 74, 75, 80, 55, 40, 42, 9, 0, 31, 12, 4, 3, 17, 25, 18, 24, 10, 15]
population:20  generations：10000
全程路程：45445.699073402444
路线：[15, 53, 26, 27, 35, 60, 59, 38, 33, 13, 11, 16, 6, 2, 30, 32, 45, 52, 50, 46, 57, 41, 40, 42, 9, 21, 8, 4, 3, 36, 67, 84, 92, 100, 96, 90, 88, 94, 99, 89, 93, 97, 78, 81, 74, 75, 80, 79, 71, 77, 82, 76, 98, 72, 73, 56, 61, 62, 55, 22, 23, 5, 0, 102, 29, 19, 14, 1, 31, 12, 37, 34, 20, 28, 39, 49, 66, 65, 64, 86, 87, 83, 91, 101, 95, 70, 63, 58, 54, 85, 68, 69, 104, 47, 48, 44, 103, 43, 51, 25, 17, 7, 18, 24, 10, 15]
population:20  generations：20000
全程路程：39323.531234275615
路线：[15, 53, 72, 73, 56, 61, 62, 43, 51, 55, 22, 23, 5, 19, 14, 1, 0, 102, 29, 27, 35, 31, 12, 37, 34, 60, 59, 38, 33, 13, 11, 16, 26, 8, 4, 3, 6, 2, 30, 32, 41, 45, 52, 50, 46, 57, 40, 42, 9, 21, 20, 28, 39, 49, 66, 65, 64, 86, 87, 83, 84, 91, 95, 101, 100, 96, 90, 67, 92, 88, 94, 99, 89, 93, 79, 76, 71, 78, 81, 77, 82, 85, 75, 68, 69, 97, 98, 74, 80, 70, 63, 58, 48, 104, 54, 47, 44, 103, 36, 25, 17, 7, 18, 24, 10, 15]
population:50  generations：5000
全程路程：39396.88448002963
路线：[15, 19, 29, 44, 42, 40, 45, 51, 39, 3, 25, 36, 47, 50, 46, 95, 99, 89, 101, 90, 91, 84, 76, 65, 68, 62, 61, 78, 66, 48, 49, 54, 58, 72, 79, 83, 71, 67, 75, 80, 87, 98, 92, 93, 73, 59, 60, 37, 38, 34, 57, 56, 53, 104, 55, 41, 35, 23, 27, 24, 2, 0, 1, 11, 18, 26, 32, 17, 16, 7, 8, 4, 12, 33, 13, 103, 69, 64, 86, 94, 74, 88, 97, 96, 100, 85, 82, 81, 77, 70, 63, 52, 43, 31, 30, 28, 22, 102, 21, 20, 14, 10, 9, 5, 6, 15]
population:50  generations：10000
全程路程：37769.028866309185
路线：[15, 19, 29, 44, 42, 40, 45, 51, 39, 3, 24, 11, 25, 36, 47, 50, 46, 67, 75, 80, 87, 98, 92, 93, 73, 59, 60, 37, 38, 34, 57, 56, 53, 104, 55, 41, 35, 23, 18, 26, 32, 17, 16, 7, 8, 4, 12, 33, 13, 103, 69, 64, 86, 94, 95, 99, 89, 101, 90, 91, 84, 82, 81, 77, 83, 65, 68, 62, 61, 54, 58, 72, 79, 74, 88, 97, 96, 100, 85, 78, 76, 71, 70, 66, 63, 48, 49, 52, 43, 31, 30, 28, 22, 27, 102, 21, 20, 14, 2, 0, 1, 10, 9, 5, 6, 15]
population:50  generations：20000
全程路程：32198.058405573687
路线：[15, 19, 29, 39, 42, 4, 3, 24, 11, 25, 36, 47, 50, 46, 67, 75, 68, 80, 87, 98, 92, 100, 95, 99, 85, 78, 76, 71, 70, 66, 73, 69, 64, 94, 93, 86, 65, 57, 56, 53, 104, 55, 44, 41, 103, 35, 23, 18, 26, 32, 22, 27, 31, 30, 28, 21, 20, 14, 102, 17, 16, 12, 59, 60, 62, 61, 54, 58, 72, 79, 74, 89, 88, 97, 96, 101, 90, 91, 84, 82, 81, 77, 83, 63, 48, 49, 40, 45, 51, 52, 43, 37, 38, 34, 33, 13, 7, 8, 2, 0, 1, 10, 9, 5, 6, 15]
population:100  generations：5000
全程路程：31634.886855575576
路线：[15, 11, 21, 28, 29, 22, 19, 24, 17, 16, 8, 4, 3, 12, 7, 2, 6, 5, 0, 1, 9, 10, 20, 14, 31, 30, 58, 69, 62, 68, 80, 73, 74, 89, 88, 75, 76, 83, 70, 72, 79, 94, 64, 36, 13, 37, 34, 33, 38, 49, 50, 61, 65, 86, 97, 98, 93, 87, 66, 82, 81, 77, 91, 90, 95, 96, 100, 101, 85, 63, 67, 71, 78, 84, 92, 99, 59, 60, 56, 52, 57, 53, 104, 55, 54, 47, 46, 40, 45, 42, 43, 44, 48, 39, 103, 35, 26, 32, 27, 102, 18, 25, 41, 51, 23, 15]
population:100  generations：10000
全程路程：24152.057835219766
路线：[15, 11, 21, 28, 29, 22, 19, 24, 17, 16, 8, 4, 3, 12, 13, 7, 2, 6, 5, 0, 1, 9, 10, 20, 14, 31, 30, 48, 39, 103, 35, 26, 32, 27, 102, 18, 25, 41, 40, 43, 44, 54, 49, 47, 46, 42, 45, 50, 53, 61, 62, 59, 52, 57, 56, 104, 55, 58, 72, 76, 83, 70, 79, 69, 74, 68, 73, 80, 65, 86, 87, 89, 88, 75, 63, 67, 71, 78, 66, 81, 77, 82, 84, 85, 91, 90, 95, 96, 100, 101, 92, 97, 98, 99, 93, 94, 64, 60, 38, 37, 33, 34, 36, 51, 23, 15]
population:100  generations：20000
全程路程：22148.591424070128
路线：[15, 11, 21, 28, 29, 22, 19, 24, 17, 26, 32, 27, 102, 18, 25, 16, 8, 4, 3, 12, 13, 7, 2, 6, 5, 0, 1, 9, 10, 20, 14, 31, 30, 48, 39, 103, 35, 36, 40, 43, 44, 54, 49, 47, 46, 42, 45, 50, 53, 61, 62, 59, 57, 52, 56, 104, 55, 58, 63, 67, 71, 78, 76, 79, 75, 72, 68, 69, 73, 74, 80, 65, 86, 87, 89, 88, 85, 83, 70, 66, 81, 77, 82, 84, 91, 90, 95, 96, 100, 101, 92, 97, 98, 99, 94, 93, 64, 60, 38, 37, 33, 34, 41, 51, 23, 15]
