population:10  generations：5000
全程路程：2127.336583067157
路线：[15, 45, 60, 50, 64, 10, 39, 67, 13, 43, 29, 1, 42, 58, 34, 36, 62, 65, 12, 7, 41, 14, 40, 37, 46, 57, 21, 30, 56, 59, 17, 16, 53, 33, 32, 4, 9, 52, 49, 61, 20, 24, 44, 18, 25, 3, 48, 54, 6, 2, 31, 5, 27, 8, 26, 19, 38, 11, 51, 0, 35, 28, 69, 68, 23, 22, 55, 63, 47, 66, 15]
population:10  generations：10000
全程路程：1843.9191445424678
路线：[15, 45, 60, 39, 67, 13, 43, 29, 41, 7, 1, 5, 23, 18, 25, 14, 6, 2, 8, 26, 19, 38, 20, 24, 44, 42, 50, 64, 10, 58, 11, 51, 0, 35, 28, 36, 62, 65, 12, 69, 34, 68, 37, 22, 46, 57, 21, 30, 56, 59, 17, 16, 53, 33, 32, 4, 9, 52, 3, 31, 27, 48, 54, 40, 49, 55, 63, 61, 47, 66, 15]
population:10  generations：20000
全程路程：1582.1765624818702
路线：[15, 45, 60, 39, 26, 19, 38, 20, 67, 13, 43, 29, 41, 7, 1, 27, 48, 54, 2, 8, 24, 44, 42, 5, 23, 18, 25, 14, 6, 16, 61, 53, 33, 4, 9, 55, 64, 10, 11, 59, 32, 51, 49, 0, 35, 28, 30, 52, 3, 31, 65, 12, 69, 34, 68, 37, 22, 46, 57, 36, 62, 21, 58, 56, 17, 40, 50, 63, 47, 66, 15]
population:20  generations：5000
全程路程：1756.0472757851148
路线：[15, 11, 47, 37, 30, 34, 12, 0, 55, 10, 36, 57, 21, 68, 58, 23, 1, 56, 69, 28, 35, 16, 44, 20, 50, 63, 61, 26, 45, 42, 29, 31, 6, 5, 41, 40, 3, 7, 27, 48, 13, 25, 54, 18, 19, 8, 67, 43, 60, 39, 32, 4, 52, 65, 62, 14, 2, 17, 9, 22, 46, 49, 51, 59, 66, 53, 33, 38, 24, 64, 15]
population:20  generations：10000
全程路程：1501.919414405008
路线：[15, 11, 47, 37, 30, 34, 12, 0, 35, 4, 52, 9, 22, 46, 49, 51, 59, 66, 53, 50, 63, 55, 10, 36, 57, 21, 68, 69, 28, 58, 14, 23, 56, 1, 27, 48, 25, 54, 18, 16, 44, 20, 32, 33, 61, 38, 26, 45, 42, 29, 31, 40, 5, 41, 65, 62, 2, 17, 3, 6, 7, 13, 19, 8, 67, 43, 39, 60, 24, 64, 15]
population:20  generations：20000
全程路程：1307.6162238778827
路线：[15, 11, 47, 37, 30, 34, 12, 0, 35, 4, 52, 9, 68, 69, 28, 22, 46, 49, 51, 59, 66, 53, 50, 63, 55, 10, 36, 57, 21, 58, 56, 1, 6, 27, 48, 25, 54, 18, 14, 23, 65, 62, 17, 3, 7, 31, 2, 42, 40, 5, 41, 13, 19, 29, 43, 67, 44, 39, 60, 26, 45, 8, 16, 20, 32, 33, 61, 38, 24, 64, 15]
population:50  generations：5000
全程路程：1371.3852712015616
路线：[15, 57, 38, 26, 39, 20, 11, 51, 32, 61, 66, 0, 35, 22, 30, 68, 34, 12, 28, 69, 58, 37, 65, 56, 14, 1, 3, 17, 6, 27, 7, 48, 29, 54, 31, 13, 67, 2, 25, 19, 43, 41, 5, 40, 42, 60, 45, 44, 33, 59, 4, 52, 9, 49, 36, 64, 50, 63, 55, 10, 47, 53, 24, 8, 16, 21, 62, 23, 18, 46, 15]
population:50  generations：10000
全程路程：1191.0011609741532
路线：[15, 57, 38, 26, 45, 33, 59, 52, 4, 9, 49, 36, 64, 50, 63, 55, 10, 47, 53, 39, 44, 24, 8, 20, 11, 51, 32, 61, 66, 0, 35, 22, 30, 68, 34, 12, 28, 69, 37, 58, 65, 21, 62, 1, 6, 2, 25, 7, 48, 54, 31, 13, 27, 29, 19, 43, 67, 42, 60, 16, 5, 40, 41, 17, 3, 56, 14, 23, 18, 46, 15]
population:50  generations：20000
全程路程：1069.5933315178415
路线：[15, 57, 49, 36, 52, 4, 9, 55, 64, 50, 63, 10, 47, 53, 39, 44, 24, 38, 26, 45, 33, 59, 5, 8, 60, 16, 20, 11, 51, 32, 61, 66, 0, 35, 22, 30, 68, 34, 12, 28, 69, 37, 21, 62, 58, 65, 1, 6, 25, 48, 54, 7, 31, 2, 27, 13, 29, 19, 43, 67, 42, 40, 41, 17, 3, 56, 14, 23, 18, 46, 15]
population:100  generations：5000
全程路程：1199.7598431098306
路线：[15, 35, 46, 68, 28, 37, 34, 30, 22, 12, 69, 0, 4, 49, 36, 57, 63, 10, 47, 53, 33, 32, 61, 20, 16, 8, 38, 67, 43, 42, 40, 5, 56, 65, 14, 23, 6, 17, 41, 19, 13, 27, 48, 7, 31, 1, 62, 58, 21, 52, 9, 51, 64, 50, 55, 66, 59, 11, 60, 39, 44, 24, 45, 26, 29, 2, 18, 25, 54, 3, 15]
population:100  generations：10000
全程路程：1002.9932410336834
路线：[15, 35, 46, 28, 34, 68, 30, 12, 69, 37, 22, 0, 36, 57, 4, 49, 33, 20, 16, 8, 38, 67, 43, 42, 40, 5, 17, 41, 56, 65, 62, 58, 21, 52, 9, 51, 50, 64, 55, 63, 10, 47, 66, 59, 11, 32, 53, 61, 60, 39, 44, 24, 45, 26, 29, 19, 13, 27, 25, 18, 6, 23, 14, 1, 31, 2, 7, 48, 54, 3, 15]
population:100  generations：20000
全程路程：990.6239634351389
路线：[15, 35, 46, 22, 0, 28, 34, 68, 30, 12, 69, 37, 36, 57, 4, 49, 51, 33, 20, 16, 38, 8, 67, 43, 42, 40, 41, 5, 17, 56, 65, 62, 23, 14, 58, 21, 52, 9, 59, 11, 32, 50, 64, 55, 63, 10, 47, 66, 53, 61, 60, 39, 44, 24, 45, 26, 29, 19, 13, 27, 25, 18, 6, 1, 31, 2, 7, 48, 54, 3, 15]
